MEME version 4 
ALPHABET= ACGT 
strands: + -

MOTIF ENSMUSG00000079808_LINE1933_AC1689771_I 
letter-probability matrix: alength= 4 w= 9 
0.197	0.322	0.231	0.25
0.197	0.282	0.266	0.255
0.187	0.281	0.265	0.267
0.632	0.174	0.194	0.0
0.001	0.006	0.993	0.0
0.0	0.0	1.0	0.0
0.122	0.0	0.794	0.084
0.38	0.252	0.24	0.128
0.302	0.23	0.249	0.219

MOTIF ENSMUSG00000026491_LINE24_Ahctf1_D 
letter-probability matrix: alength= 4 w= 8 
0.751	0.083	0.083	0.083
0.799	0.067	0.067	0.067
0.733	0.067	0.067	0.133
0.267	0.067	0.067	0.599
0.733	0.067	0.067	0.133
0.666	0.067	0.067	0.2
0.692	0.077	0.077	0.154
0.167	0.083	0.083	0.667

MOTIF ENSMUSG00000019256_LINE64_Ahr_D 
letter-probability matrix: alength= 4 w= 9 
0.181	0.105	0.434	0.28
0.0	1.0	0.0	0.0
0.973	0.005	0.022	0.0
0.002	0.971	0.005	0.022
0.014	0.01	0.976	0.0
0.027	0.947	0.009	0.017
0.439	0.134	0.285	0.141
0.627	0.225	0.077	0.071
0.252	0.366	0.119	0.263

MOTIF ENSMUSG00000000731_LINE1926_Aire_D 
letter-probability matrix: alength= 4 w= 18 
0.222	0.108	0.267	0.403
0.364	0.159	0.023	0.455
0.568	0.182	0.182	0.068
0.432	0.25	0.091	0.227
0.023	0.977	0.0	0.0
0.091	0.886	0.023	0.0
0.569	0.068	0.136	0.227
0.501	0.068	0.045	0.386
0.25	0.136	0.091	0.523
0.455	0.136	0.068	0.341
0.364	0.136	0.136	0.364
0.5	0.023	0.091	0.386
0.614	0.023	0.045	0.318
0.182	0.818	0.0	0.0
0.068	0.887	0.0	0.045
0.523	0.205	0.136	0.136
0.5	0.136	0.182	0.182
0.216	0.125	0.261	0.398

MOTIF ENSMUSG00000036602_LINE1477_Alx1_D_N3 
letter-probability matrix: alength= 4 w= 8 
0.245	0.26	0.144	0.351
0.077	0.035	0.008	0.88
0.867	0.035	0.061	0.037
0.982	0.001	0.01	0.007
0.016	0.031	0.025	0.928
0.093	0.084	0.096	0.727
0.389	0.096	0.385	0.131
0.29	0.198	0.368	0.144

MOTIF ENSMUSG00000014603_LINE1334_Alx3_D 
letter-probability matrix: alength= 4 w= 7 
0.144	0.121	0.119	0.616
0.644	0.108	0.134	0.114
0.734	0.022	0.093	0.151
0.081	0.104	0.117	0.698
0.171	0.158	0.174	0.498
0.375	0.125	0.304	0.196
0.313	0.175	0.329	0.182

MOTIF ENSMUSG00000040310_LINE1511_Alx4_D_N1 
letter-probability matrix: alength= 4 w= 8 
0.246	0.266	0.173	0.315
0.119	0.042	0.027	0.812
0.776	0.07	0.1	0.054
0.952	0.001	0.02	0.027
0.039	0.064	0.063	0.834
0.141	0.106	0.142	0.611
0.355	0.111	0.377	0.156
0.289	0.21	0.335	0.167

MOTIF ENSMUSG00000046532_LINE1867_Ar_D_N2 
letter-probability matrix: alength= 4 w= 16 
0.362	0.192	0.31	0.136
0.408	0.004	0.534	0.054
0.03	0.004	0.934	0.032
0.434	0.206	0.212	0.148
0.932	0.018	0.026	0.024
0.0	0.986	0.01	0.004
0.848	0.012	0.056	0.084
0.118	0.37	0.384	0.128
0.622	0.0	0.378	0.0
0.27	0.264	0.41	0.056
0.074	0.094	0.016	0.816
0.012	0.026	0.962	0.0
0.054	0.026	0.018	0.902
0.142	0.214	0.192	0.452
0.026	0.944	0.004	0.026
0.062	0.52	0.016	0.402

MOTIF ENSMUSG00000033237_LINE22_Arid2_I 
letter-probability matrix: alength= 4 w= 9 
0.221	0.216	0.206	0.357
0.324	0.102	0.137	0.437
0.488	0.097	0.211	0.205
0.869	0.017	0.026	0.088
0.039	0.048	0.039	0.874
0.071	0.193	0.067	0.669
0.657	0.084	0.137	0.122
0.535	0.17	0.153	0.142
0.307	0.204	0.252	0.237

MOTIF ENSMUSG00000019564_LINE14_Arid3a_D_N3 
letter-probability matrix: alength= 4 w= 9 
0.27	0.2	0.23	0.301
0.346	0.092	0.239	0.323
0.981	0.001	0.017	0.001
0.01	0.013	0.012	0.965
0.246	0.306	0.039	0.409
0.787	0.06	0.082	0.071
0.733	0.071	0.077	0.119
0.557	0.077	0.146	0.22
0.365	0.211	0.137	0.287

MOTIF ENSMUSG00000004661_LINE12_Arid3b_D 
letter-probability matrix: alength= 4 w= 11 
0.216	0.216	0.216	0.351
0.17	0.17	0.17	0.49
0.498	0.073	0.168	0.262
0.911	0.0	0.0	0.089
0.089	0.0	0.0	0.911
0.0	0.0	0.0	1.0
1.0	0.0	0.0	0.0
0.896	0.0	0.0	0.104
0.238	0.034	0.119	0.609
0.567	0.08	0.08	0.273
0.177	0.177	0.177	0.468

MOTIF ENSMUSG00000066224_LINE21_Arid3c_I 
letter-probability matrix: alength= 4 w= 9 
0.247	0.267	0.232	0.254
0.378	0.09	0.246	0.286
0.933	0.02	0.024	0.023
0.109	0.057	0.094	0.74
0.198	0.334	0.113	0.354
0.709	0.056	0.139	0.096
0.608	0.1	0.141	0.151
0.52	0.108	0.187	0.185
0.347	0.202	0.185	0.265

MOTIF ENSMUSG00000037447_LINE18_Arid5a_D 
letter-probability matrix: alength= 4 w= 11 
0.3	0.199	0.199	0.302
0.283	0.466	0.073	0.178
0.928	0.024	0.024	0.024
1.0	0.0	0.0	0.0
0.0	0.0	0.0	1.0
1.0	0.0	0.0	0.0
0.0	0.0	0.0	1.0
0.0	0.097	0.0	0.903
0.542	0.051	0.15	0.257
0.177	0.278	0.177	0.368
0.226	0.321	0.226	0.226

MOTIF ENSMUSG00000019947_LINE16_Arid5b_D_N1 
letter-probability matrix: alength= 4 w= 8 
0.216	0.306	0.199	0.28
0.497	0.068	0.23	0.204
0.836	0.067	0.002	0.095
0.059	0.062	0.017	0.862
0.541	0.078	0.128	0.253
0.188	0.311	0.086	0.415
0.206	0.32	0.247	0.228
0.297	0.189	0.303	0.211

MOTIF ENSMUSG00000015522_LINE58_Arnt_D_N3 
letter-probability matrix: alength= 4 w= 6 
0.2	0.8	0.0	0.0
0.95	0.0	0.05	0.0
0.0	1.0	0.0	0.0
0.0	0.0	1.0	0.0
0.0	0.0	0.0	1.0
0.0	0.0	1.0	0.0

MOTIF ENSMUSG00000015709_LINE60_Arnt2_D 
letter-probability matrix: alength= 4 w= 10 
0.133	0.133	0.403	0.331
0.089	0.665	0.089	0.157
0.929	0.071	0.0	0.0
0.071	0.566	0.0	0.363
0.503	0.0	0.497	0.0
0.0	0.07	0.0	0.93
0.15	0.0	0.709	0.141
0.734	0.266	0.0	0.0
0.395	0.225	0.188	0.192
0.161	0.161	0.236	0.442

MOTIF ENSMUSG00000055116_LINE182_Arntl_D_N3 
letter-probability matrix: alength= 4 w= 8 
0.034	0.96	0.002	0.004
0.975	0.002	0.015	0.008
0.001	0.885	0.019	0.095
0.068	0.001	0.929	0.002
0.011	0.004	0.001	0.984
0.005	0.007	0.961	0.027
0.275	0.249	0.235	0.24
0.18	0.449	0.162	0.209

MOTIF ENSMUSG00000035277_LINE1467_Arx_D_N1 
letter-probability matrix: alength= 4 w= 8 
0.217	0.314	0.148	0.32
0.078	0.027	0.007	0.888
0.854	0.044	0.065	0.037
0.978	0.0	0.009	0.013
0.003	0.027	0.028	0.942
0.105	0.091	0.098	0.706
0.391	0.095	0.372	0.142
0.298	0.194	0.375	0.134

MOTIF ENSMUSG00000020052_LINE67_Ascl1_D_N1 
letter-probability matrix: alength= 4 w= 14 
0.081	0.581	0.168	0.17
0.26	0.19	0.087	0.463
0.101	0.286	0.539	0.074
0.0	1.0	0.0	0.0
1.0	0.0	0.0	0.0
0.0	0.436	0.553	0.011
0.0	0.991	0.0	0.009
0.0	0.0	0.002	0.998
0.0	0.002	0.998	0.0
0.022	0.794	0.083	0.101
0.112	0.468	0.0	0.421
0.06	0.351	0.322	0.266
0.105	0.505	0.139	0.251
0.161	0.383	0.141	0.315

MOTIF ENSMUSG00000009248_LINE53_Ascl2_D_N3 
letter-probability matrix: alength= 4 w= 10 
0.674	0.102	0.179	0.045
0.374	0.12	0.503	0.003
0.01	0.987	0.0	0.003
0.952	0.0	0.0	0.048
0.02	0.066	0.862	0.052
0.01	0.98	0.007	0.003
0.013	0.0	0.0	0.987
0.0	0.003	0.99	0.007
0.019	0.641	0.047	0.293
0.094	0.279	0.077	0.55

MOTIF ENSMUSG00000023027_LINE222_Atf1_D_N1 
letter-probability matrix: alength= 4 w= 10 
0.261	0.193	0.291	0.255
0.298	0.204	0.262	0.237
0.175	0.166	0.246	0.413
0.186	0.177	0.39	0.246
0.446	0.112	0.281	0.161
0.172	0.423	0.182	0.223
0.256	0.1	0.481	0.163
0.268	0.185	0.235	0.311
0.34	0.183	0.279	0.198
0.337	0.151	0.27	0.242

MOTIF ENSMUSG00000027104_LINE240_Atf2_D_N2 
letter-probability matrix: alength= 4 w= 11 
0.5	0.184	0.254	0.062
0.042	0.064	0.018	0.876
0.03	0.036	0.776	0.158
0.776	0.026	0.072	0.126
0.022	0.934	0.042	0.002
0.356	0.248	0.362	0.034
0.07	0.014	0.012	0.904
0.03	0.94	0.014	0.016
0.944	0.012	0.024	0.02
0.026	0.384	0.166	0.424
0.132	0.464	0.088	0.316

MOTIF ENSMUSG00000026628_LINE234_Atf3_D_N2 
letter-probability matrix: alength= 4 w= 9 
0.18	0.246	0.229	0.345
0.181	0.147	0.458	0.214
0.556	0.114	0.236	0.094
0.02	0.001	0.0	0.979
0.084	0.056	0.644	0.216
0.855	0.0	0.031	0.114
0.078	0.67	0.033	0.219
0.23	0.133	0.463	0.174
0.217	0.252	0.2	0.33

MOTIF ENSMUSG00000042406_LINE271_Atf4_D_N3 
letter-probability matrix: alength= 4 w= 12 
0.354	0.072	0.414	0.16
0.204	0.202	0.392	0.202
0.556	0.294	0.15	0.0
0.0	0.008	0.0	0.992
0.0	0.008	0.984	0.008
0.982	0.008	0.004	0.006
0.004	0.05	0.002	0.944
0.0	0.0	1.0	0.0
0.094	0.822	0.0	0.084
0.994	0.004	0.002	0.0
0.998	0.0	0.002	0.0
0.028	0.312	0.102	0.558

MOTIF ENSMUSG00000026663_LINE238_Atf6_I 
letter-probability matrix: alength= 4 w= 12 
0.111	0.108	0.684	0.097
0.521	0.075	0.387	0.017
0.017	0.027	0.029	0.927
0.009	0.012	0.951	0.028
0.986	0.002	0.006	0.006
0.001	0.961	0.032	0.006
0.003	0.002	0.995	0.0
0.005	0.003	0.006	0.986
0.022	0.06	0.907	0.011
0.059	0.008	0.829	0.104
0.045	0.873	0.038	0.044
0.666	0.058	0.219	0.057

MOTIF ENSMUSG00000015461_LINE211_Atf6b_I 
letter-probability matrix: alength= 4 w= 12 
0.114	0.102	0.678	0.106
0.486	0.073	0.426	0.014
0.026	0.035	0.024	0.915
0.006	0.033	0.93	0.031
0.992	0.001	0.004	0.003
0.001	0.974	0.021	0.004
0.002	0.001	0.996	0.001
0.002	0.003	0.003	0.992
0.009	0.009	0.977	0.005
0.012	0.01	0.869	0.109
0.033	0.924	0.017	0.026
0.691	0.055	0.208	0.046

MOTIF ENSMUSG00000099083_LINE324_Atf7_D_N1 
letter-probability matrix: alength= 4 w= 10 
0.183	0.17	0.12	0.527
0.085	0.102	0.441	0.372
0.653	0.087	0.127	0.133
0.061	0.694	0.075	0.17
0.165	0.0	0.835	0.0
0.0	0.141	0.006	0.853
0.285	0.579	0.061	0.075
0.944	0.0	0.056	0.0
0.011	0.29	0.121	0.578
0.247	0.311	0.181	0.26

MOTIF ENSMUSG00000073043_LINE196_Atoh1_D_N2 
letter-probability matrix: alength= 4 w= 10 
0.549	0.09	0.312	0.049
0.51	0.325	0.145	0.02
0.039	0.954	0.007	0.0
0.95	0.019	0.031	0.0
0.014	0.008	0.114	0.864
0.933	0.067	0.0	0.0
0.021	0.004	0.005	0.97
0.002	0.001	0.968	0.029
0.033	0.228	0.366	0.374
0.1	0.386	0.098	0.416

MOTIF ENSMUSG00000036816_LINE144_Atoh7_I 
letter-probability matrix: alength= 4 w= 10 
0.703	0.096	0.14	0.061
0.424	0.296	0.216	0.063
0.0	1.0	0.0	0.0
0.816	0.0	0.117	0.067
0.017	0.119	0.066	0.798
0.734	0.186	0.08	0.0
0.0	0.033	0.033	0.934
0.0	0.0	1.0	0.0
0.007	0.218	0.367	0.409
0.023	0.547	0.003	0.427

MOTIF ENSMUSG00000025612_LINE229_Bach1_D 
letter-probability matrix: alength= 4 w= 14 
1.0	0.0	0.0	0.0
0.11	0.63	0.26	0.0
0.137	0.753	0.0	0.11
0.479	0.0	0.384	0.137
0.0	0.0	0.0	1.0
0.0	0.0	1.0	0.0
1.0	0.0	0.0	0.0
0.0	0.753	0.247	0.0
0.11	0.0	0.0	0.89
0.0	1.0	0.0	0.0
0.89	0.0	0.11	0.0
0.0	0.0	1.0	0.0
0.0	0.89	0.0	0.11
0.616	0.0	0.247	0.137

MOTIF ENSMUSG00000040270_LINE268_Bach2_D 
letter-probability matrix: alength= 4 w= 11 
0.462	0.156	0.368	0.014
0.01	0.004	0.0	0.986
0.002	0.004	0.968	0.026
0.966	0.002	0.014	0.018
0.01	0.824	0.14	0.026
0.114	0.008	0.034	0.844
0.084	0.76	0.098	0.058
0.79	0.03	0.094	0.086
0.038	0.042	0.872	0.048
0.056	0.788	0.1	0.056
0.528	0.146	0.138	0.188

MOTIF ENSMUSG00000026805_LINE1397_Barhl1_D_N3 
letter-probability matrix: alength= 4 w= 9 
0.24	0.317	0.191	0.252
0.134	0.051	0.022	0.793
0.851	0.021	0.052	0.076
0.959	0.012	0.005	0.024
0.325	0.078	0.136	0.461
0.139	0.307	0.136	0.418
0.194	0.062	0.612	0.132
0.202	0.269	0.319	0.21
0.174	0.291	0.187	0.348

MOTIF ENSMUSG00000034384_LINE1455_Barhl2_D 
letter-probability matrix: alength= 4 w= 9 
0.246	0.297	0.182	0.275
0.148	0.057	0.053	0.742
0.827	0.029	0.049	0.095
0.912	0.016	0.021	0.051
0.341	0.074	0.129	0.456
0.146	0.296	0.137	0.421
0.218	0.062	0.592	0.128
0.219	0.262	0.292	0.228
0.175	0.275	0.175	0.375

MOTIF ENSMUSG00000021381_LINE1357_Barx1_D_N1 
letter-probability matrix: alength= 4 w= 10 
0.227	0.246	0.322	0.205
0.242	0.287	0.2	0.27
0.16	0.052	0.026	0.762
0.834	0.014	0.088	0.064
0.916	0.019	0.031	0.034
0.098	0.141	0.129	0.632
0.121	0.238	0.316	0.325
0.253	0.098	0.489	0.16
0.192	0.295	0.273	0.24
0.187	0.293	0.189	0.331

MOTIF ENSMUSG00000032033_LINE1450_Barx2_D 
letter-probability matrix: alength= 4 w= 9 
0.238	0.274	0.197	0.291
0.148	0.054	0.025	0.773
0.809	0.044	0.076	0.071
0.862	0.037	0.031	0.07
0.113	0.137	0.14	0.61
0.14	0.238	0.279	0.344
0.259	0.112	0.445	0.184
0.204	0.289	0.246	0.261
0.199	0.282	0.187	0.331

MOTIF ENSMUSG00000034266_LINE251_Batf_D_N1 
letter-probability matrix: alength= 4 w= 18 
0.254	0.412	0.204	0.13
0.232	0.102	0.044	0.622
0.034	0.294	0.534	0.138
0.876	0.008	0.022	0.094
0.004	0.304	0.598	0.094
0.012	0.01	0.004	0.974
0.07	0.894	0.032	0.004
0.99	0.002	0.002	0.006
0.184	0.046	0.122	0.648
0.388	0.174	0.038	0.4
0.182	0.198	0.138	0.482
0.158	0.372	0.166	0.304
0.246	0.1	0.454	0.2
0.468	0.104	0.294	0.134
0.386	0.118	0.348	0.148
0.682	0.156	0.074	0.088
0.17	0.398	0.262	0.17
0.25	0.29	0.064	0.396

MOTIF ENSMUSG00000026630_LINE237_Batf3_D 
letter-probability matrix: alength= 4 w= 17 
0.186	0.186	0.386	0.242
0.482	0.146	0.12	0.252
0.12	0.318	0.462	0.1
0.088	0.042	0.006	0.864
0.154	0.81	0.024	0.012
0.982	0.01	0.0	0.008
0.264	0.056	0.198	0.482
0.664	0.064	0.042	0.23
0.39	0.218	0.182	0.21
0.2	0.12	0.178	0.502
0.106	0.02	0.856	0.018
0.756	0.042	0.16	0.042
0.882	0.008	0.064	0.046
0.94	0.014	0.016	0.03
0.078	0.502	0.39	0.03
0.216	0.244	0.056	0.484
0.268	0.206	0.354	0.172

MOTIF ENSMUSG00000022641_LINE1955_Bbx_D 
letter-probability matrix: alength= 4 w= 8 
0.01	0.01	0.01	0.97
0.01	0.01	0.01	0.97
0.01	0.97	0.01	0.01
0.97	0.01	0.01	0.01
0.01	0.01	0.01	0.97
0.01	0.01	0.01	0.97
0.01	0.01	0.97	0.01
0.97	0.01	0.01	0.01

MOTIF ENSMUSG00000000861_LINE342_Bcl11a_I 
letter-probability matrix: alength= 4 w= 15 
0.096	0.284	0.351	0.269
0.12	0.077	0.091	0.712
0.067	0.269	0.091	0.573
0.0	0.178	0.005	0.817
0.0	0.971	0.0	0.029
0.904	0.024	0.024	0.048
0.0	0.486	0.365	0.149
0.024	0.0	0.0	0.976
0.014	0.0	0.0	0.986
0.014	0.914	0.0	0.072
0.062	0.799	0.0	0.139
0.053	0.303	0.067	0.577
0.053	0.601	0.139	0.207
0.269	0.236	0.034	0.462
0.168	0.183	0.087	0.562

MOTIF ENSMUSG00000048251_LINE646_Bcl11b_I 
letter-probability matrix: alength= 4 w= 19 
0.0	0.001	0.999	0.0
0.002	0.016	0.001	0.981
0.0	0.002	0.973	0.025
0.993	0.005	0.002	0.0
0.997	0.002	0.001	0.0
0.001	0.999	0.0	0.0
0.197	0.001	0.798	0.004
0.068	0.534	0.164	0.234
0.271	0.183	0.157	0.389
0.358	0.05	0.404	0.188
0.302	0.241	0.196	0.262
0.296	0.246	0.178	0.279
0.238	0.201	0.438	0.123
0.005	0.818	0.0	0.177
0.0	0.011	0.0	0.989
0.997	0.002	0.001	0.0
0.0	0.989	0.003	0.008
0.998	0.002	0.0	0.0
0.007	0.981	0.007	0.005

MOTIF ENSMUSG00000022508_LINE410_Bcl6_D_N3 
letter-probability matrix: alength= 4 w= 14 
0.244	0.174	0.197	0.386
0.164	0.121	0.517	0.198
0.139	0.659	0.096	0.106
0.127	0.223	0.007	0.643
0.04	0.183	0.106	0.671
0.004	0.012	0.0	0.984
0.0	0.851	0.0	0.149
0.021	0.423	0.09	0.467
1.0	0.0	0.0	0.0
0.143	0.0	0.857	0.0
0.027	0.025	0.917	0.031
0.88	0.031	0.084	0.005
0.911	0.029	0.023	0.037
0.365	0.256	0.179	0.2

MOTIF ENSMUSG00000000317_LINE340_Bcl6b_D 
letter-probability matrix: alength= 4 w= 12 
0.204	0.204	0.297	0.295
0.076	0.259	0.076	0.589
0.076	0.476	0.076	0.373
0.025	0.227	0.117	0.631
0.0	0.205	0.0	0.795
0.0	0.297	0.0	0.703
0.0	0.814	0.0	0.186
0.0	0.274	0.112	0.614
0.585	0.137	0.046	0.232
0.175	0.175	0.476	0.175
0.386	0.175	0.264	0.175
0.324	0.225	0.225	0.225

MOTIF ENSMUSG00000052271_LINE176_Bhlha15_D_N1 
letter-probability matrix: alength= 4 w= 8 
0.614	0.154	0.231	0.001
0.0	1.0	0.0	0.0
1.0	0.0	0.0	0.0
0.0	0.0	0.2	0.8
0.8	0.2	0.0	0.0
0.0	0.0	0.0	1.0
0.0	0.0	1.0	0.0
0.001	0.286	0.57	0.143

MOTIF ENSMUSG00000025128_LINE94_Bhlhe22_D 
letter-probability matrix: alength= 4 w= 10 
0.413	0.175	0.236	0.175
0.414	0.221	0.299	0.067
0.0	1.0	0.0	0.0
1.0	0.0	0.0	0.0
0.0	0.0	0.0	1.0
1.0	0.0	0.0	0.0
0.0	0.0	0.0	1.0
0.0	0.0	1.0	0.0
0.075	0.135	0.651	0.139
0.183	0.273	0.183	0.361

MOTIF ENSMUSG00000045493_LINE162_Bhlhe23_I 
letter-probability matrix: alength= 4 w= 10 
0.704	0.035	0.233	0.028
0.363	0.44	0.19	0.008
0.011	0.989	0.0	0.0
0.932	0.011	0.043	0.014
0.0	0.004	0.0	0.996
0.984	0.008	0.004	0.004
0.019	0.083	0.0	0.898
0.0	0.004	0.988	0.008
0.008	0.37	0.236	0.386
0.043	0.306	0.025	0.626

MOTIF ENSMUSG00000030103_LINE120_Bhlhe40_D_N5 
letter-probability matrix: alength= 4 w= 9 
0.299	0.093	0.284	0.324
0.157	0.787	0.03	0.026
0.671	0.096	0.147	0.086
0.006	0.891	0.024	0.079
0.046	0.023	0.925	0.006
0.064	0.056	0.028	0.852
0.0	0.0	1.0	0.0
0.461	0.404	0.056	0.078
0.158	0.404	0.243	0.195

MOTIF ENSMUSG00000030256_LINE125_Bhlhe41_D 
letter-probability matrix: alength= 4 w= 9 
0.331	0.18	0.236	0.253
0.195	0.59	0.13	0.085
0.362	0.132	0.344	0.163
0.024	0.808	0.054	0.114
0.055	0.033	0.909	0.003
0.019	0.011	0.02	0.95
0.002	0.001	0.982	0.015
0.436	0.463	0.032	0.069
0.142	0.407	0.214	0.237

MOTIF ENSMUSG00000002345_LINE10826_Borcs8_I_N19 
letter-probability matrix: alength= 4 w= 14 
0.318	0.086	0.286	0.31
0.16	0.064	0.474	0.302
0.092	0.788	0.034	0.086
0.012	0.224	0.0	0.764
0.864	0.05	0.01	0.076
0.6	0.014	0.09	0.296
0.872	0.006	0.032	0.09
0.89	0.008	0.022	0.08
0.934	0.004	0.004	0.058
0.034	0.004	0.0	0.962
0.968	0.006	0.024	0.002
0.16	0.06	0.754	0.026
0.366	0.488	0.074	0.072
0.344	0.302	0.06	0.294

MOTIF ENSMUSG00000054360_LINE1573_Bsx_D 
letter-probability matrix: alength= 4 w= 9 
0.267	0.23	0.206	0.298
0.116	0.083	0.032	0.769
0.887	0.0	0.097	0.016
0.957	0.016	0.0	0.027
0.058	0.196	0.082	0.664
0.105	0.231	0.334	0.331
0.327	0.077	0.441	0.154
0.19	0.272	0.339	0.199
0.17	0.319	0.175	0.336

MOTIF ENSMUSG00000031885_LINE2074_Cbfb_D 
letter-probability matrix: alength= 4 w= 11 
0.015	0.264	0.179	0.542
0.042	0.418	0.133	0.406
0.03	0.0	0.048	0.922
0.0	0.152	0.812	0.036
0.0	0.248	0.0	0.752
0.073	0.0	0.927	0.0
0.036	0.0	0.964	0.0
0.0	0.0	0.236	0.764
0.055	0.424	0.048	0.473
0.382	0.036	0.188	0.394
0.055	0.321	0.339	0.285

MOTIF ENSMUSG00000023932_LINE1755_Cdc5l_I 
letter-probability matrix: alength= 4 w= 12 
0.0	0.1	0.9	0.0
0.6	0.1	0.1	0.2
0.1	0.0	0.3	0.6
0.1	0.0	0.1	0.8
0.1	0.0	0.0	0.9
1.0	0.0	0.0	0.0
0.8	0.1	0.0	0.1
0.1	0.7	0.0	0.2
0.6	0.0	0.3	0.1
0.1	0.1	0.0	0.8
0.8	0.1	0.1	0.0
0.6	0.0	0.2	0.2

MOTIF ENSMUSG00000024619_LINE1383_Cdx1_D_N1 
letter-probability matrix: alength= 4 w= 9 
0.168	0.164	0.146	0.522
0.211	0.111	0.092	0.586
0.333	0.038	0.153	0.477
0.834	0.023	0.043	0.1
0.015	0.178	0.064	0.743
0.151	0.076	0.327	0.446
0.428	0.074	0.395	0.103
0.14	0.392	0.217	0.25
0.235	0.305	0.215	0.245

MOTIF ENSMUSG00000029646_LINE1430_Cdx2_D_N2 
letter-probability matrix: alength= 4 w= 12 
0.118	0.162	0.13	0.59
0.018	0.008	0.012	0.962
0.008	0.012	0.002	0.978
0.034	0.018	0.02	0.928
0.95	0.018	0.016	0.016
0.002	0.062	0.012	0.924
0.112	0.006	0.46	0.422
0.386	0.012	0.562	0.04
0.038	0.754	0.062	0.146
0.124	0.43	0.04	0.406
0.114	0.25	0.16	0.476
0.092	0.226	0.122	0.56

MOTIF ENSMUSG00000031326_LINE1442_Cdx4_D 
letter-probability matrix: alength= 4 w= 12 
0.25	0.018	0.112	0.62
0.184	0.006	0.702	0.108
0.822	0.046	0.016	0.116
0.022	0.01	0.02	0.948
0.016	0.006	0.022	0.956
0.084	0.046	0.084	0.786
0.962	0.014	0.02	0.004
0.04	0.182	0.038	0.74
0.17	0.032	0.468	0.33
0.208	0.054	0.644	0.094
0.076	0.562	0.16	0.202
0.194	0.414	0.12	0.272

MOTIF ENSMUSG00000034957_LINE258_Cebpa_D_N3 
letter-probability matrix: alength= 4 w= 8 
0.0	0.0	0.0	1.0
0.0	0.0	0.115	0.885
0.331	0.0	0.378	0.291
0.0	0.913	0.0	0.087
0.0	0.0	1.0	0.0
0.034	0.742	0.0	0.224
1.0	0.0	0.0	0.0
1.0	0.0	0.0	0.0

MOTIF ENSMUSG00000056501_LINE296_Cebpb_D_N10 
letter-probability matrix: alength= 4 w= 10 
0.409	0.187	0.294	0.11
0.045	0.062	0.045	0.848
0.037	0.025	0.295	0.643
0.32	0.025	0.411	0.244
0.095	0.526	0.121	0.258
0.111	0.045	0.756	0.088
0.137	0.582	0.0	0.281
1.0	0.0	0.0	0.0
0.999	0.0	0.0	0.001
0.062	0.298	0.208	0.432

MOTIF ENSMUSG00000052435_LINE280_Cebpe_D_N1 
letter-probability matrix: alength= 4 w= 8 
0.0	0.0	0.0	1.0
0.113	0.0	0.194	0.693
0.314	0.0	0.229	0.457
0.0	0.597	0.039	0.364
0.089	0.013	0.873	0.025
0.051	0.81	0.0	0.139
0.873	0.127	0.0	0.0
0.958	0.014	0.014	0.014

MOTIF ENSMUSG00000056216_LINE289_Cebpg_D_N2 
letter-probability matrix: alength= 4 w= 11 
0.315	0.228	0.228	0.228
0.044	0.044	0.044	0.868
0.029	0.029	0.099	0.843
0.483	0.0	0.431	0.086
0.0	1.0	0.0	0.0
0.0	0.0	1.0	0.0
0.057	0.825	0.0	0.118
1.0	0.0	0.0	0.0
0.934	0.022	0.022	0.022
0.206	0.206	0.206	0.382
0.336	0.221	0.221	0.221

MOTIF ENSMUSG00000068267_LINE1067_Cenpb_I 
letter-probability matrix: alength= 4 w= 15 
0.098	0.797	0.0	0.105
0.017	0.957	0.001	0.025
0.0	0.997	0.0	0.003
0.028	0.03	0.908	0.034
0.001	0.583	0.149	0.267
0.396	0.113	0.206	0.286
0.047	0.069	0.0	0.884
0.306	0.294	0.207	0.193
0.232	0.317	0.265	0.187
0.389	0.147	0.136	0.328
0.536	0.101	0.276	0.087
0.048	0.933	0.002	0.017
0.133	0.013	0.854	0.0
0.686	0.072	0.008	0.234
0.91	0.047	0.01	0.033

MOTIF ENSMUSG00000005442_LINE1953_Cic_D 
letter-probability matrix: alength= 4 w= 10 
0.279	0.181	0.181	0.358
0.29	0.189	0.212	0.309
0.0	0.0	0.0	1.0
0.0	0.0	1.0	0.0
0.0	1.0	0.0	0.0
0.0	0.0	0.0	1.0
0.0	0.0	1.0	0.0
1.0	0.0	0.0	0.0
0.069	0.613	0.162	0.156
0.241	0.147	0.147	0.465

MOTIF ENSMUSG00000029238_LINE116_Clock_D_N2 
letter-probability matrix: alength= 4 w= 8 
0.017	0.942	0.012	0.029
0.975	0.001	0.016	0.008
0.001	0.91	0.013	0.076
0.049	0.001	0.949	0.001
0.013	0.006	0.001	0.98
0.027	0.018	0.935	0.02
0.324	0.164	0.219	0.292
0.15	0.488	0.131	0.232

MOTIF ENSMUSG00000095975_LINE1639_Cphx1_D 
letter-probability matrix: alength= 4 w= 10 
0.235	0.094	0.092	0.579
0.125	0.088	0.635	0.152
0.717	0.058	0.032	0.193
0.124	0.123	0.14	0.613
0.218	0.157	0.212	0.414
0.249	0.137	0.424	0.19
0.282	0.238	0.331	0.15
0.314	0.242	0.164	0.281
0.228	0.189	0.176	0.407
0.216	0.35	0.204	0.23

MOTIF ENSMUSG00000098463_LINE1651_Cphx2_I 
letter-probability matrix: alength= 4 w= 10 
0.235	0.094	0.092	0.579
0.125	0.088	0.635	0.152
0.717	0.058	0.032	0.193
0.124	0.123	0.14	0.613
0.218	0.157	0.212	0.414
0.249	0.137	0.424	0.19
0.282	0.238	0.331	0.15
0.314	0.242	0.164	0.281
0.228	0.189	0.176	0.407
0.216	0.35	0.204	0.23

MOTIF ENSMUSG00000094817_LINE1632_Cphx3_I 
letter-probability matrix: alength= 4 w= 10 
0.235	0.094	0.092	0.579
0.125	0.088	0.635	0.152
0.717	0.058	0.032	0.193
0.124	0.123	0.14	0.613
0.218	0.157	0.212	0.414
0.249	0.137	0.424	0.19
0.282	0.238	0.331	0.15
0.314	0.242	0.164	0.281
0.228	0.189	0.176	0.407
0.216	0.35	0.204	0.23

MOTIF ENSMUSG00000025958_LINE230_Creb1_D_N4 
letter-probability matrix: alength= 4 w= 11 
0.224	0.224	0.224	0.327
0.159	0.341	0.34	0.159
0.332	0.072	0.524	0.072
0.0	0.0	0.0	1.0
0.0	0.0	1.0	0.0
1.0	0.0	0.0	0.0
0.0	1.0	0.0	0.0
0.0	0.0	1.0	0.0
0.026	0.376	0.026	0.572
0.168	0.477	0.264	0.091
0.379	0.178	0.266	0.178

MOTIF ENSMUSG00000028466_LINE2154_Creb3_I_N4 
letter-probability matrix: alength= 4 w= 12 
0.189	0.224	0.386	0.201
0.345	0.124	0.481	0.05
0.021	0.06	0.02	0.899
0.023	0.042	0.797	0.138
0.976	0.002	0.017	0.005
0.001	0.947	0.002	0.05
0.054	0.0	0.946	0.0
0.017	0.024	0.0	0.959
0.135	0.796	0.043	0.026
0.899	0.031	0.054	0.016
0.051	0.487	0.121	0.341
0.211	0.365	0.236	0.188

MOTIF ENSMUSG00000027230_LINE242_Creb3l1_I 
letter-probability matrix: alength= 4 w= 14 
0.123	0.162	0.063	0.652
0.089	0.072	0.754	0.085
0.447	0.186	0.277	0.089
0.048	0.088	0.04	0.824
0.012	0.048	0.796	0.144
0.986	0.004	0.0	0.01
0.0	0.966	0.004	0.03
0.0	0.004	0.996	0.0
0.0	0.004	0.0	0.996
0.007	0.0	0.989	0.004
0.003	0.0	0.914	0.083
0.025	0.943	0.004	0.028
0.749	0.032	0.177	0.042
0.149	0.27	0.213	0.368

MOTIF ENSMUSG00000038648_LINE264_Creb3l2_D_N1 
letter-probability matrix: alength= 4 w= 9 
0.498	0.25	0.002	0.25
0.001	0.855	0.143	0.001
0.997	0.001	0.001	0.001
0.001	0.997	0.001	0.001
0.001	0.001	0.997	0.001
0.001	0.001	0.001	0.997
0.001	0.126	0.872	0.001
0.126	0.001	0.623	0.25
0.25	0.746	0.002	0.002

MOTIF ENSMUSG00000053007_LINE287_Creb5_D 
letter-probability matrix: alength= 4 w= 12 
0.325	0.2	0.288	0.188
0.876	0.054	0.061	0.009
0.002	0.004	0.0	0.994
0.003	0.001	0.798	0.198
0.997	0.0	0.0	0.003
0.0	0.985	0.0	0.015
0.039	0.0	0.961	0.0
0.005	0.002	0.0	0.993
0.198	0.801	0.0	0.001
0.999	0.0	0.0	0.001
0.007	0.489	0.02	0.484
0.2	0.396	0.1	0.304

MOTIF ENSMUSG00000032652_LINE249_Crebl2_I 
letter-probability matrix: alength= 4 w= 10 
0.385	0.007	0.561	0.047
0.002	0.123	0.001	0.874
0.065	0.034	0.471	0.429
0.894	0.017	0.033	0.056
0.004	0.987	0.005	0.004
0.024	0.002	0.972	0.002
0.035	0.006	0.021	0.938
0.338	0.58	0.031	0.051
0.863	0.013	0.11	0.014
0.053	0.087	0.016	0.844

MOTIF ENSMUSG00000051451_LINE277_Crebzf_D 
letter-probability matrix: alength= 4 w= 8 
0.499	0.126	0.001	0.374
0.499	0.001	0.001	0.499
0.997	0.001	0.001	0.001
0.001	0.997	0.001	0.001
0.001	0.001	0.997	0.001
0.001	0.001	0.001	0.997
0.499	0.001	0.001	0.499
0.2	0.002	0.399	0.399

MOTIF ENSMUSG00000063889_LINE311_Crem_D_N1 
letter-probability matrix: alength= 4 w= 10 
0.183	0.183	0.271	0.363
0.646	0.087	0.18	0.087
0.0	0.0	0.0	1.0
0.0	0.0	0.725	0.275
1.0	0.0	0.0	0.0
0.0	1.0	0.0	0.0
0.0	0.0	1.0	0.0
0.0	0.0	0.0	1.0
0.548	0.318	0.067	0.067
0.511	0.163	0.163	0.163

MOTIF ENSMUSG00000041578_LINE1522_Crx_D_N3 
letter-probability matrix: alength= 4 w= 13 
0.098	0.344	0.324	0.234
0.138	0.526	0.066	0.27
0.082	0.034	0.004	0.88
0.896	0.024	0.058	0.022
1.0	0.0	0.0	0.0
0.002	0.016	0.218	0.764
0.022	0.936	0.01	0.032
0.026	0.776	0.006	0.192
0.076	0.262	0.164	0.498
0.17	0.566	0.092	0.172
0.104	0.276	0.046	0.574
0.1	0.262	0.104	0.534
0.436	0.152	0.164	0.248

MOTIF ENSMUSG00000005698_LINE359_Ctcf_D_N2 
letter-probability matrix: alength= 4 w= 15 
0.476	0.055	0.337	0.132
0.097	0.288	0.526	0.089
0.03	0.536	0.002	0.432
0.082	0.007	0.755	0.156
0.052	0.861	0.01	0.077
0.007	0.983	0.0	0.01
0.355	0.59	0.02	0.035
0.005	0.563	0.005	0.427
0.002	0.996	0.002	0.0
0.01	0.02	0.01	0.96
0.36	0.047	0.385	0.208
0.002	0.392	0.549	0.057
0.089	0.047	0.012	0.852
0.0	0.0	0.993	0.007
0.032	0.02	0.876	0.072

MOTIF ENSMUSG00000070495_LINE869_Ctcfl_D 
letter-probability matrix: alength= 4 w= 18 
0.289	0.261	0.366	0.085
0.055	0.398	0.313	0.234
0.404	0.095	0.39	0.111
0.04	0.149	0.789	0.022
0.004	0.859	0.002	0.135
0.006	0.0	0.948	0.046
0.038	0.942	0.018	0.002
0.004	0.984	0.004	0.008
0.115	0.788	0.053	0.044
0.004	0.826	0.0	0.17
0.0	0.992	0.004	0.004
0.022	0.051	0.026	0.901
0.273	0.081	0.593	0.053
0.01	0.384	0.509	0.097
0.152	0.398	0.107	0.343
0.008	0.008	0.968	0.016
0.042	0.085	0.818	0.055
0.127	0.477	0.202	0.194

MOTIF ENSMUSG00000029705_LINE1080_Cux1_D_N1 
letter-probability matrix: alength= 4 w= 8 
0.234	0.272	0.203	0.291
0.189	0.256	0.056	0.499
0.312	0.118	0.359	0.211
0.645	0.174	0.001	0.18
0.169	0.265	0.001	0.565
0.213	0.513	0.075	0.199
0.347	0.299	0.154	0.2
0.248	0.269	0.248	0.234

MOTIF ENSMUSG00000042589_LINE1083_Cux2_D 
letter-probability matrix: alength= 4 w= 11 
0.157	0.19	0.211	0.442
0.102	0.2	0.168	0.53
0.059	0.405	0.182	0.354
0.824	0.096	0.006	0.074
0.016	0.022	0.17	0.792
0.022	0.08	0.065	0.833
0.008	0.045	0.937	0.01
0.824	0.047	0.051	0.078
0.043	0.155	0.084	0.718
0.061	0.331	0.035	0.573
0.239	0.102	0.19	0.468

MOTIF ENSMUSG00000024560_LINE1092_Cxxc1_I 
letter-probability matrix: alength= 4 w= 7 
0.241	0.248	0.243	0.269
0.231	0.263	0.205	0.3
0.339	0.228	0.214	0.219
0.123	0.315	0.378	0.184
0.001	0.982	0.0	0.017
0.023	0.0	0.977	0.0
0.165	0.133	0.453	0.249

MOTIF ENSMUSG00000044365_LINE1096_Cxxc4_I 
letter-probability matrix: alength= 4 w= 8 
0.31	0.196	0.225	0.269
0.218	0.227	0.218	0.336
0.275	0.174	0.204	0.347
0.474	0.036	0.302	0.187
0.124	0.697	0.0	0.179
0.113	0.108	0.621	0.158
0.163	0.226	0.222	0.389
0.267	0.212	0.278	0.244

MOTIF ENSMUSG00000046668_LINE1097_Cxxc5_I 
letter-probability matrix: alength= 4 w= 8 
0.31	0.196	0.225	0.269
0.218	0.227	0.218	0.336
0.275	0.174	0.204	0.347
0.474	0.036	0.302	0.187
0.124	0.697	0.0	0.179
0.113	0.108	0.621	0.158
0.163	0.226	0.222	0.389
0.267	0.212	0.278	0.244

MOTIF ENSMUSG00000059824_LINE309_Dbp_D_N2 
letter-probability matrix: alength= 4 w= 12 
0.165	0.294	0.212	0.329
0.528	0.11	0.359	0.003
0.0	0.001	0.0	0.999
0.001	0.001	0.028	0.97
0.982	0.0	0.018	0.0
0.001	0.914	0.0	0.085
0.173	0.001	0.826	0.0
0.0	0.042	0.0	0.958
0.977	0.023	0.0	0.0
1.0	0.0	0.0	0.0
0.003	0.544	0.058	0.395
0.39	0.327	0.146	0.137

MOTIF ENSMUSG00000030507_LINE1441_Dbx1_D 
letter-probability matrix: alength= 4 w= 8 
0.746	0.002	0.002	0.25
0.2	0.002	0.002	0.796
0.002	0.002	0.002	0.994
0.796	0.002	0.002	0.2
0.994	0.002	0.002	0.002
0.002	0.002	0.002	0.994
0.2	0.002	0.002	0.796
0.994	0.002	0.002	0.002

MOTIF ENSMUSG00000045608_LINE1542_Dbx2_D 
letter-probability matrix: alength= 4 w= 7 
0.206	0.159	0.149	0.486
0.342	0.19	0.168	0.3
0.552	0.086	0.148	0.214
0.142	0.059	0.131	0.668
0.161	0.245	0.205	0.389
0.329	0.132	0.364	0.175
0.273	0.292	0.254	0.181

MOTIF ENSMUSG00000025408_LINE227_Ddit3_D_N2 
letter-probability matrix: alength= 4 w= 10 
0.436	0.4	0.146	0.018
0.022	0.018	0.016	0.944
0.012	0.028	0.93	0.03
0.9	0.028	0.032	0.04
0.022	0.058	0.046	0.874
0.014	0.008	0.952	0.026
0.336	0.432	0.004	0.228
0.884	0.112	0.004	0.0
0.988	0.0	0.008	0.004
0.072	0.242	0.164	0.522

MOTIF ENSMUSG00000041911_LINE1527_Dlx1_D_N2 
letter-probability matrix: alength= 4 w= 8 
0.246	0.187	0.301	0.266
0.068	0.008	0.014	0.91
0.879	0.026	0.068	0.027
0.992	0.003	0.005	0.0
0.023	0.01	0.051	0.916
0.058	0.047	0.069	0.826
0.424	0.011	0.51	0.055
0.177	0.28	0.293	0.25

MOTIF ENSMUSG00000023391_LINE1378_Dlx2_D_N2 
letter-probability matrix: alength= 4 w= 8 
0.269	0.223	0.238	0.27
0.04	0.004	0.003	0.953
0.919	0.038	0.026	0.017
1.0	0.0	0.0	0.0
0.013	0.001	0.02	0.966
0.034	0.032	0.044	0.89
0.439	0.009	0.514	0.038
0.165	0.345	0.259	0.231

MOTIF ENSMUSG00000001510_LINE1305_Dlx3_D_N2 
letter-probability matrix: alength= 4 w= 9 
0.316	0.22	0.205	0.259
0.152	0.068	0.021	0.759
0.846	0.049	0.103	0.002
0.952	0.0	0.022	0.026
0.076	0.057	0.095	0.772
0.162	0.124	0.18	0.534
0.377	0.082	0.412	0.129
0.194	0.319	0.269	0.218
0.223	0.28	0.225	0.272

MOTIF ENSMUSG00000020871_LINE1351_Dlx4_D 
letter-probability matrix: alength= 4 w= 8 
0.292	0.225	0.216	0.267
0.184	0.114	0.066	0.636
0.742	0.04	0.172	0.046
0.872	0.001	0.054	0.073
0.092	0.096	0.122	0.69
0.173	0.15	0.207	0.47
0.351	0.106	0.395	0.148
0.205	0.309	0.271	0.215

MOTIF ENSMUSG00000029755_LINE1437_Dlx5_D_N1 
letter-probability matrix: alength= 4 w= 7 
0.205	0.11	0.089	0.596
0.637	0.084	0.182	0.097
0.8	0.007	0.072	0.121
0.096	0.118	0.133	0.653
0.162	0.173	0.212	0.453
0.313	0.103	0.449	0.135
0.2	0.305	0.276	0.219

MOTIF ENSMUSG00000029754_LINE1436_Dlx6_I 
letter-probability matrix: alength= 4 w= 8 
0.238	0.18	0.314	0.268
0.067	0.006	0.01	0.917
0.91	0.024	0.049	0.017
0.995	0.0	0.0	0.005
0.02	0.0	0.044	0.936
0.057	0.044	0.085	0.814
0.436	0.008	0.507	0.049
0.158	0.259	0.353	0.23

MOTIF ENSMUSG00000028707_LINE1417_Dmbx1_D 
letter-probability matrix: alength= 4 w= 9 
0.213	0.299	0.164	0.324
0.154	0.038	0.031	0.777
0.778	0.031	0.09	0.101
0.946	0.014	0.015	0.025
0.045	0.028	0.157	0.77
0.12	0.689	0.071	0.12
0.077	0.567	0.114	0.242
0.158	0.315	0.288	0.24
0.219	0.296	0.222	0.263

MOTIF ENSMUSG00000024837_LINE1102_Dmrt1_D 
letter-probability matrix: alength= 4 w= 17 
0.204	0.232	0.118	0.446
0.312	0.042	0.272	0.374
0.062	0.046	0.864	0.028
0.388	0.336	0.046	0.23
0.36	0.102	0.074	0.464
0.958	0.014	0.01	0.018
0.04	0.934	0.01	0.016
0.878	0.006	0.002	0.114
0.762	0.238	0.0	0.0
0.324	0.006	0.016	0.654
0.01	0.02	0.968	0.002
0.03	0.004	0.008	0.958
0.5	0.042	0.112	0.346
0.26	0.026	0.4	0.314
0.012	0.916	0.026	0.046
0.466	0.238	0.034	0.262
0.478	0.174	0.194	0.154

MOTIF ENSMUSG00000048138_LINE1107_Dmrt2_I 
letter-probability matrix: alength= 4 w= 10 
0.152	0.152	0.246	0.449
0.765	0.048	0.048	0.139
1.0	0.0	0.0	0.0
0.0	0.0	0.0	1.0
0.13	0.0	0.489	0.381
0.0	0.0	0.0	1.0
0.909	0.0	0.0	0.091
0.092	0.0	0.0	0.908
0.279	0.195	0.098	0.427
0.394	0.202	0.202	0.202

MOTIF ENSMUSG00000042372_LINE1104_Dmrt3_I 
letter-probability matrix: alength= 4 w= 11 
0.453	0.24	0.154	0.154
0.538	0.123	0.123	0.216
0.106	0.022	0.022	0.85
0.0	0.0	1.0	0.0
0.0	0.0	0.0	1.0
1.0	0.0	0.0	0.0
0.202	0.0	0.104	0.694
0.0	1.0	0.0	0.0
0.618	0.188	0.097	0.097
0.51	0.127	0.127	0.236
0.228	0.228	0.228	0.315

MOTIF ENSMUSG00000043753_LINE1105_Dmrta1_I 
letter-probability matrix: alength= 4 w= 10 
0.386	0.186	0.155	0.272
0.357	0.198	0.174	0.272
0.283	0.154	0.067	0.496
0.146	0.119	0.587	0.148
0.135	0.138	0.083	0.644
0.43	0.111	0.161	0.297
0.319	0.106	0.236	0.339
0.168	0.494	0.129	0.209
0.331	0.211	0.224	0.233
0.379	0.172	0.219	0.23

MOTIF ENSMUSG00000047143_LINE1106_Dmrta2_I 
letter-probability matrix: alength= 4 w= 10 
0.392	0.183	0.149	0.276
0.378	0.182	0.151	0.289
0.278	0.144	0.092	0.487
0.162	0.079	0.558	0.201
0.132	0.107	0.108	0.653
0.418	0.098	0.168	0.316
0.289	0.108	0.225	0.378
0.189	0.452	0.137	0.222
0.33	0.192	0.235	0.242
0.345	0.193	0.222	0.239

MOTIF ENSMUSG00000028610_LINE1103_Dmrtb1_D 
letter-probability matrix: alength= 4 w= 16 
0.274	0.066	0.336	0.324
0.06	0.042	0.832	0.066
0.408	0.338	0.054	0.2
0.304	0.126	0.08	0.49
0.886	0.026	0.042	0.046
0.064	0.848	0.05	0.038
0.814	0.036	0.022	0.128
0.736	0.26	0.004	0.0
0.27	0.026	0.042	0.662
0.014	0.026	0.95	0.01
0.044	0.032	0.064	0.86
0.584	0.028	0.122	0.266
0.224	0.042	0.434	0.3
0.074	0.866	0.024	0.036
0.41	0.296	0.096	0.198
0.4	0.238	0.242	0.12

MOTIF ENSMUSG00000011349_LINE1101_Dmrtc2_D 
letter-probability matrix: alength= 4 w= 13 
0.341	0.22	0.22	0.22
0.475	0.175	0.175	0.175
0.264	0.386	0.175	0.175
0.679	0.107	0.107	0.107
0.023	0.023	0.023	0.931
0.188	0.0	0.812	0.0
0.0	0.0	0.0	1.0
0.878	0.0	0.0	0.122
0.119	0.031	0.031	0.819
0.401	0.261	0.075	0.263
0.538	0.312	0.075	0.075
0.383	0.144	0.144	0.33
0.317	0.228	0.228	0.228

MOTIF ENSMUSG00000044224_LINE597_Dnajc21_D 
letter-probability matrix: alength= 4 w= 10 
0.219	0.343	0.157	0.281
0.145	0.41	0.088	0.357
0.467	0.107	0.313	0.112
0.238	0.393	0.024	0.345
0.301	0.357	0.182	0.16
0.307	0.304	0.115	0.275
0.238	0.315	0.143	0.303
0.268	0.4	0.144	0.187
0.217	0.369	0.193	0.221
0.217	0.29	0.223	0.27

MOTIF ENSMUSG00000004099_LINE1090_Dnmt1_I 
letter-probability matrix: alength= 4 w= 10 
0.234	0.28	0.298	0.188
0.224	0.268	0.305	0.203
0.173	0.344	0.231	0.252
0.275	0.275	0.249	0.202
0.191	0.165	0.435	0.209
0.0	1.0	0.0	0.0
0.0	0.209	0.791	0.0
0.04	0.14	0.773	0.047
0.22	0.266	0.277	0.238
0.307	0.201	0.31	0.182

MOTIF ENSMUSG00000021221_LINE395_Dpf3_I 
letter-probability matrix: alength= 4 w= 11 
0.079	0.105	0.359	0.458
0.26	0.617	0.123	0.0
0.0	0.197	0.0	0.803
0.992	0.0	0.001	0.007
0.0	0.0	0.0	1.0
0.988	0.0	0.012	0.0
0.029	0.076	0.801	0.094
0.015	0.005	0.976	0.004
0.012	0.24	0.233	0.515
0.165	0.034	0.714	0.087
0.445	0.284	0.129	0.141

MOTIF ENSMUSG00000048502_LINE1546_Duxbl1_D_N2 
letter-probability matrix: alength= 4 w= 10 
0.223	0.252	0.202	0.323
0.214	0.086	0.083	0.617
0.153	0.032	0.787	0.028
0.947	0.001	0.018	0.034
0.053	0.093	0.173	0.681
0.126	0.103	0.201	0.57
0.364	0.094	0.41	0.132
0.258	0.222	0.324	0.197
0.284	0.217	0.284	0.215
0.202	0.242	0.192	0.364

MOTIF ENSMUSG00000072675_LINE1606_Duxbl2_I 
letter-probability matrix: alength= 4 w= 10 
0.223	0.252	0.202	0.323
0.214	0.086	0.083	0.617
0.153	0.032	0.787	0.028
0.947	0.001	0.018	0.034
0.053	0.093	0.173	0.681
0.126	0.103	0.201	0.57
0.364	0.094	0.41	0.132
0.258	0.222	0.324	0.197
0.284	0.217	0.284	0.215
0.202	0.242	0.192	0.364

MOTIF ENSMUSG00000072672_LINE1605_Duxbl3_I 
letter-probability matrix: alength= 4 w= 10 
0.223	0.252	0.202	0.323
0.214	0.086	0.083	0.617
0.153	0.032	0.787	0.028
0.947	0.001	0.018	0.034
0.053	0.093	0.173	0.681
0.126	0.103	0.201	0.57
0.364	0.094	0.41	0.132
0.258	0.222	0.324	0.197
0.284	0.217	0.284	0.215
0.202	0.242	0.192	0.364

MOTIF ENSMUSG00000027490_LINE1114_E2f1_D 
letter-probability matrix: alength= 4 w= 12 
0.178	0.162	0.508	0.152
0.372	0.114	0.336	0.178
0.17	0.024	0.644	0.162
0.058	0.104	0.826	0.012
0.014	0.008	0.974	0.004
0.016	0.924	0.004	0.056
0.024	0.008	0.934	0.034
0.078	0.018	0.884	0.02
0.022	0.016	0.962	0.0
0.574	0.042	0.37	0.014
0.506	0.282	0.164	0.048
0.356	0.202	0.302	0.14

MOTIF ENSMUSG00000018983_LINE1111_E2f2_D_N1 
letter-probability matrix: alength= 4 w= 10 
0.324	0.158	0.185	0.334
0.356	0.124	0.134	0.386
0.253	0.144	0.248	0.355
0.127	0.201	0.545	0.127
0.023	0.075	0.902	0.0
0.07	0.911	0.0	0.019
0.0	0.0	0.983	0.017
0.011	0.611	0.359	0.019
0.108	0.262	0.386	0.244
0.251	0.272	0.168	0.309

MOTIF ENSMUSG00000016477_LINE1109_E2f3_D_N1 
letter-probability matrix: alength= 4 w= 10 
0.329	0.158	0.194	0.319
0.34	0.138	0.138	0.383
0.251	0.152	0.248	0.349
0.147	0.212	0.477	0.164
0.049	0.109	0.842	0.0
0.099	0.881	0.0	0.02
0.001	0.0	0.978	0.021
0.023	0.624	0.326	0.027
0.136	0.284	0.361	0.219
0.235	0.293	0.183	0.29

MOTIF ENSMUSG00000014859_LINE1108_E2f4_D 
letter-probability matrix: alength= 4 w= 14 
0.382	0.19	0.274	0.154
0.234	0.1	0.604	0.062
0.204	0.068	0.552	0.176
0.248	0.066	0.53	0.156
0.024	0.074	0.9	0.002
0.012	0.008	0.97	0.01
0.026	0.898	0.006	0.07
0.008	0.002	0.958	0.032
0.002	0.048	0.91	0.04
0.068	0.01	0.904	0.018
0.578	0.048	0.326	0.048
0.396	0.394	0.106	0.104
0.302	0.28	0.176	0.242
0.28	0.196	0.196	0.328

MOTIF ENSMUSG00000027552_LINE1115_E2f5_D 
letter-probability matrix: alength= 4 w= 10 
0.134	0.399	0.333	0.134
0.0	0.107	0.893	0.0
0.0	1.0	0.0	0.0
0.0	0.0	1.0	0.0
0.0	0.851	0.149	0.0
0.0	0.533	0.467	0.0
1.0	0.0	0.0	0.0
1.0	0.0	0.0	0.0
1.0	0.0	0.0	0.0
0.267	0.399	0.134	0.2

MOTIF ENSMUSG00000057469_LINE1119_E2f6_D 
letter-probability matrix: alength= 4 w= 12 
0.221	0.168	0.296	0.314
0.202	0.064	0.461	0.273
0.148	0.118	0.719	0.015
0.025	0.028	0.941	0.006
0.116	0.858	0.002	0.024
0.058	0.029	0.889	0.024
0.009	0.065	0.918	0.008
0.01	0.01	0.97	0.01
0.808	0.003	0.187	0.002
0.583	0.052	0.359	0.006
0.26	0.171	0.519	0.05
0.186	0.223	0.483	0.108

MOTIF ENSMUSG00000020185_LINE1113_E2f7_D 
letter-probability matrix: alength= 4 w= 13 
0.196	0.148	0.53	0.126
0.338	0.032	0.416	0.214
0.142	0.082	0.772	0.004
0.044	0.004	0.942	0.01
0.084	0.854	0.004	0.058
0.14	0.016	0.814	0.03
0.022	0.012	0.958	0.008
0.204	0.006	0.776	0.014
0.714	0.004	0.276	0.006
0.604	0.138	0.24	0.018
0.428	0.192	0.224	0.156
0.344	0.086	0.356	0.214
0.26	0.152	0.486	0.102

MOTIF ENSMUSG00000046179_LINE1118_E2f8_I 
letter-probability matrix: alength= 4 w= 12 
0.047	0.012	0.023	0.918
0.0	0.0	0.0	1.0
0.012	0.035	0.012	0.941
0.0	0.04	0.94	0.02
0.01	0.0	0.99	0.0
0.0	0.915	0.054	0.031
0.0	0.01	0.99	0.0
0.03	0.0	0.97	0.0
0.01	0.0	0.99	0.0
0.989	0.011	0.0	0.0
0.968	0.0	0.032	0.0
0.925	0.011	0.032	0.032

MOTIF ENSMUSG00000097126_LINE1645_ENSMUSG00000097126_I 
letter-probability matrix: alength= 4 w= 9 
0.399	0.2	0.2	0.2
0.001	0.001	0.997	0.001
0.001	0.001	0.997	0.001
0.001	0.001	0.001	0.997
0.101	0.001	0.897	0.001
0.001	0.001	0.001	0.997
0.698	0.001	0.001	0.3
0.997	0.001	0.001	0.001
0.399	0.2	0.002	0.399

MOTIF ENSMUSG00000097200_LINE1646_ENSMUSG00000097200_I 
letter-probability matrix: alength= 4 w= 8 
0.232	0.322	0.152	0.294
0.111	0.048	0.004	0.837
0.891	0.03	0.073	0.006
0.906	0.045	0.037	0.012
0.067	0.186	0.121	0.626
0.277	0.152	0.227	0.345
0.543	0.234	0.103	0.12
0.28	0.195	0.371	0.154

MOTIF ENSMUSG00000097436_LINE1649_ENSMUSG00000097436_I 
letter-probability matrix: alength= 4 w= 9 
0.241	0.253	0.28	0.227
0.227	0.313	0.182	0.278
0.153	0.044	0.032	0.771
0.781	0.024	0.109	0.086
0.947	0.02	0.019	0.014
0.079	0.043	0.124	0.754
0.125	0.611	0.091	0.173
0.108	0.531	0.138	0.223
0.186	0.31	0.278	0.225

MOTIF ENSMUSG00000098546_LINE1040_ENSMUSG00000098546_I 
letter-probability matrix: alength= 4 w= 10 
0.072	0.791	0.137	0.0
0.002	0.997	0.001	0.0
0.004	0.996	0.0	0.0
0.002	0.998	0.0	0.0
0.007	0.989	0.0	0.004
0.01	0.978	0.003	0.009
0.407	0.357	0.111	0.125
0.045	0.551	0.07	0.334
0.24	0.171	0.211	0.377
0.333	0.174	0.153	0.34

MOTIF ENSMUSG00000098598_LINE1701_ENSMUSG00000098598_I 
letter-probability matrix: alength= 4 w= 10 
0.351	0.199	0.226	0.224
0.21	0.249	0.289	0.252
0.217	0.488	0.149	0.146
0.112	0.098	0.082	0.708
0.316	0.471	0.086	0.127
0.8	0.098	0.043	0.059
0.065	0.016	0.055	0.864
0.094	0.066	0.02	0.82
0.717	0.043	0.069	0.171
0.292	0.179	0.196	0.333

MOTIF ENSMUSG00000057098_LINE1123_Ebf1_D_N2 
letter-probability matrix: alength= 4 w= 13 
0.417	0.096	0.301	0.186
0.121	0.189	0.478	0.212
0.026	0.336	0.056	0.582
0.002	0.989	0.007	0.002
0.005	0.794	0.005	0.196
0.005	0.976	0.005	0.014
0.403	0.042	0.082	0.473
0.189	0.037	0.676	0.098
0.012	0.012	0.967	0.009
0.112	0.0	0.888	0.0
0.0	0.0	1.0	0.0
0.848	0.019	0.121	0.012
0.198	0.434	0.301	0.068

MOTIF ENSMUSG00000022053_LINE6774_Ebf2_I_N2 
letter-probability matrix: alength= 4 w= 13 
0.417	0.096	0.301	0.186
0.121	0.189	0.478	0.212
0.026	0.336	0.056	0.582
0.002	0.989	0.007	0.002
0.005	0.794	0.005	0.196
0.005	0.976	0.005	0.014
0.403	0.042	0.082	0.473
0.189	0.037	0.676	0.098
0.012	0.012	0.967	0.009
0.112	0.0	0.888	0.0
0.0	0.0	1.0	0.0
0.848	0.019	0.121	0.012
0.198	0.434	0.301	0.068

MOTIF ENSMUSG00000010476_LINE2237_Ebf3_I_N2 
letter-probability matrix: alength= 4 w= 13 
0.417	0.096	0.301	0.186
0.121	0.189	0.478	0.212
0.026	0.336	0.056	0.582
0.002	0.989	0.007	0.002
0.005	0.794	0.005	0.196
0.005	0.976	0.005	0.014
0.403	0.042	0.082	0.473
0.189	0.037	0.676	0.098
0.012	0.012	0.967	0.009
0.112	0.0	0.888	0.0
0.0	0.0	1.0	0.0
0.848	0.019	0.121	0.012
0.198	0.434	0.301	0.068

MOTIF ENSMUSG00000053552_LINE6782_Ebf4_I_N2 
letter-probability matrix: alength= 4 w= 13 
0.417	0.096	0.301	0.186
0.121	0.189	0.478	0.212
0.026	0.336	0.056	0.582
0.002	0.989	0.007	0.002
0.005	0.794	0.005	0.196
0.005	0.976	0.005	0.014
0.403	0.042	0.082	0.473
0.189	0.037	0.676	0.098
0.012	0.012	0.967	0.009
0.112	0.0	0.888	0.0
0.0	0.0	1.0	0.0
0.848	0.019	0.121	0.012
0.198	0.434	0.301	0.068

MOTIF ENSMUSG00000038418_LINE548_Egr1_D_N4 
